0 2 0.000000 1.000000 0.000000
1 2 0.250000 0.750000 0.000000
2 2 0.374700 0.562650 0.062650
3 2 0.421723 0.422092 0.156185
4 2 0.422837 0.316065 0.261097
5 2 0.395518 0.237583 0.366900
6 2 0.355942 0.178187 0.465870
7 2 0.312140 0.133827 0.554033
8 2 0.265870 0.100293 0.633838
9 2 0.224598 0.075127 0.700275
10 2 0.188548 0.056298 0.755155
11 2 0.155197 0.041565 0.803238
12 2 0.126188 0.031407 0.842405
13 2 0.102318 0.024123 0.873560
14 2 0.082782 0.017360 0.899857
15 2 0.066662 0.013288 0.920050
16 2 0.052995 0.010030 0.936975
17 2 0.042827 0.007477 0.949695
18 2 0.033962 0.005790 0.960248
19 2 0.026758 0.004280 0.968962
20 2 0.020975 0.003245 0.975780
21 2 0.016565 0.002345 0.981090
22 2 0.013237 0.001825 0.984938
23 2 0.010190 0.001455 0.988355
24 2 0.008032 0.001020 0.990947
25 2 0.006500 0.000767 0.992733
26 2 0.004712 0.000562 0.994725
27 2 0.003727 0.000450 0.995823
28 2 0.002968 0.000307 0.996725
29 2 0.002312 0.000250 0.997437
30 2 0.001815 0.000200 0.997985
31 2 0.001403 0.000130 0.998467
32 2 0.001150 0.000080 0.998770
33 2 0.000852 0.000063 0.999085
34 2 0.000607 0.000058 0.999335
35 2 0.000570 0.000037 0.999393
36 2 0.000335 0.000028 0.999637
37 2 0.000278 0.000017 0.999705
38 2 0.000233 0.000017 0.999750
39 2 0.000185 0.000015 0.999800
